growers:[-0.02713029  0.61791486  1.7393128   0.87523055  0.31359923 -1.4059334
 -0.86904925 -0.70118946 -1.2291938  -0.33432475]


someone:[ 0.20824897  0.82659334  0.5402649  -0.63284326 -0.6741548   0.8181214
 -0.6946771  -1.2312587  -0.36166292 -0.70246273]


denies:[-0.22758248  0.68192196  1.5694778   0.3566668  -0.6386493   0.00669727
 -0.4903876  -0.04298794 -1.2730898  -0.45235136]


this:[ 0.41814342  0.53933656  0.13497399 -0.1709168  -0.28157723 -0.1379117
  0.07572734  0.47758678 -0.26914287 -0.01831622]


cut:[-1.2149066   1.4174731   0.75434905  0.35769898 -0.7376873  -1.3196462
 -0.5535175   0.06479965  0.8739947  -0.3829005 ]


week:[-0.04666851  0.8294551   1.7491652  -1.0366879  -0.4859171   0.7747043
  0.17564857  0.95962906  0.80146825  0.99784607]


or:[-1.9737694   0.77738875  0.7978136   0.13218871 -1.667418   -1.1500024
 -0.13993707  1.8884113  -0.9750565   0.4905682 ]


put:[ 0.20335874  0.59650004  2.2400131  -0.359488    0.1884215   0.62998253
 -0.6248206   0.7490932  -0.0789744   0.90331614]


on:[-0.07367323  0.38468662  0.16718529  0.26715195  0.03420265  0.16917402
 -0.19965464 -0.19954005 -0.52184844  0.15602858]


sold:[ 1.4975917   0.9489907  -1.3011736  -0.21659833  0.69535816  0.40988022
 -1.1414739   0.7757728  -0.60059357 -0.08171536]


east:[ 0.43826494  0.30141187  0.4993609   0.36517274 -0.02233122 -0.5180675
 -0.6357619  -0.02412194 -0.34000868 -0.05440999]


asks:[ 0.17097735 -0.85062486  1.4811128  -0.31829113  0.41201365 -1.316175
 -0.03354073  0.2419208  -0.5369576  -1.1449105 ]


think:[-0.45188951  0.52653277 -0.44612148 -0.3065241  -0.267827   -0.86261815
 -1.0832193   0.11928575  0.49422428 -0.65212214]


five:[-0.22124946 -0.70061713  1.1388152  -1.3888948  -1.9717474  -1.6465576
  0.9686239   1.0651226  -0.2610045  -0.18625355]


remain:[-1.0433143   1.7157816   1.3848292  -0.98701537 -0.81675494  0.7461528
 -0.67356616  0.67944705 -0.4818072   0.20970598]


agriculture:[-1.072713    0.29450116  0.03120893 -1.4083245  -0.9943096  -0.11059627
 -1.7137324  -0.24926871  0.64637554 -0.5061332 ]


re:[ 1.8699145   1.318224   -0.8714999   0.19843754 -1.0158772  -0.92464745
  0.17381084  0.6164956  -0.86522496 -0.32695815]


iraq:[-0.9724354   0.56662065  0.5281246   0.46508217  0.44825068  0.07139462
 -0.5221593  -0.15235633 -0.5618262  -0.03153242]


squarely:[ 1.0290868  -0.25245994 -1.7739645  -1.0502554   0.21029136 -0.41099507
 -1.4810119   1.7434295   0.1284899  -0.60713655]


crush:[-0.06694555  0.8090982   0.01662433 -0.23944873  1.2942809  -0.5407432
  0.8644718   0.77766085 -0.06084936 -0.6779324 ]


foothold:[-0.2659728   1.9694154  -0.56347454  2.1096244   1.0634657   1.282244
 -0.32528698 -1.4483287   0.25209475 -0.55013525]


taking:[ 0.66318595  1.935425    0.16331995 -1.0102708   0.0899508  -0.9724928
  0.6933428   1.5724585  -0.6900773   0.20656733]


average:[-0.20887288  1.0212762   0.2185271   1.2038922   0.25171635 -0.06785172
 -0.3919407   0.20456636  0.18451068  1.5097108 ]


questioned:[-0.12254544  0.14013177  0.08344758 -0.28858203  0.24029428  0.07855225
 -1.4425974   0.2619207  -0.31735033  0.9459146 ]


revelations:[ 0.8506955  -0.42187113  1.3947731  -1.1071274   0.07553856 -0.44179338
 -0.18610853  1.0395969   0.00511782 -0.17414105]


response:[-1.0044798   2.1025436  -0.5943382  -0.00497769 -0.17644715 -1.0338677
  0.26575953  1.2134259  -1.2066373   1.7345799 ]


illicit:[ 0.13998568  1.3815504  -0.8214164  -1.5570052  -0.3374056  -1.2869103
 -0.00614256  0.46718502 -1.1964259  -0.28447935]


performed:[ 1.627185    0.88151777  0.15863132 -0.34478202  0.10886578 -0.1122807
 -0.1801247   0.72755355 -1.0959685   0.5974266 ]


well:[ 0.01013237  0.7240337   0.8262596   1.0540776  -0.26170063 -0.12464225
  0.14678907  0.578742   -1.0938312  -0.04877077]


moment:[ 0.7534348   0.3989095   0.11634126  0.8620999  -0.308338   -0.6098156
 -0.7183558  -0.27419704  1.057789    0.55377865]


got:[ 0.07720356  0.1666171  -0.46312043 -0.10793082  0.4970767  -0.58961505
 -1.6172769   0.7466397  -0.19357502 -0.252549  ]


down:[ 0.09533501  0.4148968   1.2275294   0.7066092  -0.69650435 -0.81451035
 -0.3659619   0.12363876  1.0144312   0.03610566]


dropped:[-0.28051898  0.26497537  0.4817142   0.5394745   0.4625497  -0.63989043
 -0.50922287 -0.45158583 -0.9162314  -1.0648773 ]


inquiring:[-0.14076355  0.03542888  0.45361382  0.4466064  -0.7119147  -0.50528896
 -1.3764548  -0.75782764 -0.3920383   0.01075029]


successful:[-0.16533104  1.0543634  -0.943606    0.16680753 -0.9673912  -0.34213352
  0.9375452   1.943876    0.2866034  -0.52417374]


sa:[-0.20466512  1.0404027   0.43374074 -0.1875844   0.0582274  -0.61204743
  0.6013726   0.617392    0.790885    0.8741958 ]


bid:[ 1.2472751  -0.4997881   1.4337612   0.05426233  2.0988445  -0.66901976
 -2.8031187   1.1771023  -0.01857221 -0.5106664 ]


questions:[ 0.25290173  1.5858816   0.39101568 -0.07731388 -0.08830165  0.14451617
 -0.58509696  0.58186173  0.9532471   1.2315059 ]


provide:[-0.9623875   0.01566136 -0.48334345  0.9916189  -0.0088851  -0.3944915
 -1.5534283  -0.32661176  0.6992482   0.00022924]


severely:[ 0.3040904   0.49401897  0.83748853 -0.77961904  0.07614329 -1.7530725
 -1.2866964   0.1523016  -0.42187464  0.49005497]


all:[-0.42286482  0.48217696  0.2718658  -0.19987527 -0.5758259  -0.45081276
 -0.06514835 -0.03893024 -0.4084865  -0.84418726]


lindberg:[ 0.4068134   0.93382573  0.81737447 -0.83848155  0.9319722  -0.890348
  0.01340973 -1.0628536  -0.34195775 -0.14445004]


had:[ 1.036111    0.91543424  0.8356577  -0.51410174 -0.003691   -0.5848493
  0.12398344  1.18058    -0.5192888   0.41650584]


monopoly:[ 0.86901855  1.059248   -0.62194765  0.538434   -0.39412087 -1.0174644
  0.50562584  0.2658778   0.14930797 -0.2023055 ]


walked:[-1.1099875  -0.12812984  0.16156991 -0.9168072  -0.59906155  0.44627553
 -1.4162037   0.6767378   0.3877007   0.9262404 ]


minister:[-0.60094464  0.3353473   0.04838139  0.30819532 -0.38427866 -0.47917017
 -0.8130504   0.7902661  -0.67695284 -0.08091404]


few:[ 0.24008012 -0.3712129  -0.0801895  -0.021577    0.2392394  -0.90604055
 -0.48904335  0.30020148 -0.4342022  -0.51124364]


western:[-0.07610641  0.67827344  0.5229434  -0.87237287  0.44191998  0.09607685
  0.06439006  0.82362396  0.17743057  1.2949686 ]


still:[ 0.8757587   3.0503964   0.20909889 -0.0873047  -1.0743934  -1.3066132
 -0.9126664   1.8459463   1.492054    1.2118423 ]


letter:[-1.0849355   1.032036    0.872679   -0.07959636  0.8144533  -0.19130218
 -0.90828985  0.31814587  0.25335938  1.0271193 ]


moving:[ 1.0585284  -0.41172737  0.11459996 -0.4721828  -0.84899735 -1.7385075
 -0.88740665 -0.47721744  0.23725936  0.73075455]


premiums:[ 0.34385866  0.59506965 -0.3662294   0.49814743 -0.69761693 -0.4432658
 -0.19210291  0.00632608 -0.2097073   0.6773483 ]


government:[-0.12237868 -0.28624588  0.8369559  -0.7207995  -0.7602926  -0.98294926
 -0.6622603  -0.05193186 -0.12298204  0.21201742]


hands:[-0.10727656 -0.04151779  0.3450669   1.4559597  -0.4407071  -0.83891624
 -0.4024298   0.411477   -0.914518   -0.68773323]


simon:[ 0.94049644  0.4411536  -0.2914562   0.6528197   0.59396386 -0.95171165
  0.02517217  0.5584917  -0.01715665 -0.24232274]


cole:[ 1.1875907   0.9008032   0.73410684 -0.7495997  -0.13304779 -1.6480286
  0.02912456 -0.9389852  -0.27880567 -0.04744066]


ground:[ 0.6827163   0.8678919  -0.00498873 -0.5924951   0.04987275 -0.20467651
 -0.43709582  0.2652714  -0.42982206  0.9919171 ]


couple:[-1.3548139   1.9100056   0.41181815 -1.3261359  -0.5411565  -0.22528003
  1.0840194   1.0249641   2.337832   -0.6147914 ]


sales:[ 0.08993543  1.1160216   0.47909808 -0.14450854  0.03074512 -0.5257017
  0.28550696  0.19745243 -0.28321755 -0.10928018]


aboriginal:[ 1.6894476  -0.35501355 -1.1669096   0.00336409  0.4101411   0.25974363
 -0.61393505 -0.2826212  -0.52328485 -0.3779101 ]


among:[ 0.9659797   1.5775981   2.2522476   0.10816008  0.6749054  -0.84142727
 -0.07887813  0.34925768 -0.19663537  0.2227478 ]


astonishing:[ 0.592727   -0.21448535 -0.37250534 -0.14590928 -0.31023896 -0.6964409
 -0.24744871  0.4950503  -0.6348431   0.43594953]


donating:[ 0.37390268  0.09766454 -0.00567365  0.45604068 -0.19606942 -0.96756375
 -1.9822452  -1.2134316   1.8753287  -0.23893045]


workers:[ 0.2281599   1.2008219   1.5304862   0.75067574 -1.0414155  -0.20567611
 -0.5447696   1.1051897  -1.6001608  -0.49524245]


places:[-0.7915195   0.68199104 -1.1156907   2.5473733   0.6466564   0.09965473
 -0.00806487 -0.43768024  0.73415875  0.07164654]


northern:[ 0.48305863  1.892806    1.2296997  -0.2856894  -1.5979607  -1.846741
 -1.6760923  -0.56054854  0.88726556 -0.19893888]


sandstone:[-0.64823204 -0.4046566   0.22918078  0.2459315  -1.2035978  -0.5957801
  0.32086366  1.3889502   0.33890003 -0.3643096 ]


agreement:[ 0.99371994  0.57247555  0.41456297 -0.9433657  -0.61409634 -0.35800517
 -0.23304886 -0.85642195  0.0297012  -0.24759042]


hay:[ 0.15298918  1.0108563   0.68559206 -0.07057234 -0.6600494  -0.9357146
 -0.09322411  0.16798615 -0.20141074 -0.33697447]


business:[-0.06010201  0.95329285  0.34408292  0.3385534   0.48366466 -0.7695937
 -0.5026301   0.9505696  -1.1217481   0.540738  ]


grains:[-0.74214447  0.7807164   0.08740638 -0.01937851 -0.03691949 -0.84883165
  0.1102832  -0.5316069  -0.02242181  0.13681296]


of:[-0.24267367  0.48788124  0.19244146 -0.31040198  0.0085916  -0.3223682
 -0.18038729  0.00885004 -0.2340165  -0.10088998]


set:[ 0.02352909  0.29713556 -0.5484525  -1.0507758   0.23973292 -0.80935
  0.10957736  0.68762887 -1.0995152   0.41202304]


done:[ 0.40533143  0.9166903   0.19370289 -0.00047107  0.13502052 -0.06039837
 -0.4847507   0.4567435   1.0376583   0.01524459]


forwarded:[-0.44320682  2.0797904   0.6677729   0.19076192  0.44492704  0.26207328
 -0.14003876 -0.9505087  -0.9588853   0.31423703]


must:[ 1.2471545   0.10422081  0.31573647  0.6650109  -0.74208623  0.01951507
 -0.83280486 -0.31133813 -0.28023618 -0.94772494]


company:[ 0.14077511  0.48682734 -0.43801197 -0.7046759   0.17483817 -0.3074822
 -0.76333797  0.23478626  0.06993522 -0.6142731 ]


can:[-1.8403319   1.4048847  -0.27152035  0.71710724  0.62823474 -1.0977206
 -0.0955793   0.2103025  -0.32201958  0.2626348 ]


state:[-0.08072358  1.1642306   1.1394963  -1.4676602  -0.44125867 -0.2755701
 -1.0492989   1.1473591  -0.5036893   0.68395346]


products:[ 0.39574143  0.2533093  -0.69448924 -0.8315412   0.05656004 -1.176361
 -0.69255304 -0.6635287  -0.08669671 -0.10429253]


plenty:[ 0.87489206  1.1501049   0.71091247  1.9297196  -0.38931936  0.02394962
 -1.1231022  -0.824383   -0.25421435 -0.3862542 ]


may:[-0.3164382   0.17426813  0.13799058 -0.39899045 -0.79676676 -0.32328153
 -0.5283414   0.39047042  0.09621622 -0.35411015]


anything:[-0.506294   -0.0691216   0.16892117  0.8095639   0.95428026 -1.0869932
  0.49063432 -0.5665406  -0.5904454  -0.74276435]


food:[-0.7576973   0.8546716   1.0527556  -0.7364601  -0.6399573  -0.7347925
 -1.8294326   0.20929441 -0.10995504  1.6887134 ]


trucking:[ 0.33023596  0.8168318   0.4381857  -0.6625465  -0.26065558 -0.46747786
 -0.00274712 -1.0062476   0.17862117 -0.5107382 ]


remember:[-0.11015822 -0.17842275 -0.12950504 -0.2525409  -0.2547781  -1.4637938
 -1.0526439   3.161765   -0.42704508  0.35653475]


silos:[ 0.07031858 -0.84739417  0.5302944   0.7949163  -0.32535315 -1.1952462
 -1.1923823   0.14798974 -0.27084586 -0.74590635]


floodwaters:[-0.22023627 -0.2874921   0.1703205   0.27777752  0.526521   -0.58576447
  0.4458089   0.8996427   0.06393473 -0.33430028]


load:[-0.42715704  1.3042289  -0.82925093 -0.3268748  -1.3555878  -1.3044984
 -0.52961403  0.67039204 -0.07771936 -0.08564892]


advantage:[ 0.61339605  1.2086802  -0.39462408  1.4399408   2.3918579  -1.1793212
 -0.28356633 -0.44050276 -0.18186086 -0.5462375 ]


prime:[-0.36584893  0.08322185  0.8888037   0.90926194 -0.37891957 -0.56073993
 -0.95985305  0.31738734 -0.6714729  -0.7143212 ]


connor:[ 0.5610576   1.0871487   0.0165047  -0.8107477   1.0956151  -1.2153506
 -0.9472271   0.24095935 -0.55847824 -0.62003946]


commission:[-0.00429269 -0.2510354  -0.09426093 -0.47346154  0.15530005 -0.08843154
  0.08596456  0.30128762 -1.0282371   0.1528259 ]


are:[ 0.11952776  0.14558095  1.2194424   0.08414599  1.2898873  -0.88543963
 -0.6857994  -0.1906251   0.08937792 -0.805308  ]


one:[-0.14340767  1.4606724  -0.48337248  0.31647745 -0.07366503 -0.29099524
 -0.04309103 -0.06789544 -0.05090386 -0.04432328]


with:[ 0.12846062  0.11279219  1.2940698  -0.82244885  0.22954571 -1.0486078
 -0.9271507   0.55619645 -0.14684862 -0.40231216]


same:[ 0.5927436   0.49970448 -0.45548812 -2.046657    1.2862905  -0.59688485
 -0.9921831  -0.38373834 -0.35709333  0.634314  ]


another:[-0.4434374  -0.80265504  0.04821667  0.58607733 -0.6137704  -0.46946478
 -1.2691185   0.743101    0.07404779 -0.03184097]


job:[-0.50885826  2.8778443   2.1120837  -1.3539762   0.5646824  -1.6247933
 -0.4373666   1.0552416  -0.29697466 -0.8707667 ]


heights:[ 0.85869974  0.2510348   1.3168327   0.9029491  -0.66612774 -1.8143516
 -0.1982437   0.24717242  0.23237756 -0.52929324]


oil:[ 0.7589682   0.50573397  0.13093194  0.2783481   0.71420884 -0.0704006
 -1.4034495   0.24397099 -0.10568957  0.47641253]


central:[-0.8588772  -0.4021924   0.80145466 -0.10610528  0.14294815 -1.1597514
 -0.958712    0.01762879 -0.06655785 -1.1600597 ]


ploy:[-0.23713857  2.0052354  -1.2276961   1.1727798  -1.0505801  -0.09326994
 -1.2896094  -0.12204805  0.8239114  -0.15549874]


rest:[ 1.0259565   0.58125377 -0.20608583  0.00539859 -0.5570099  -0.08133221
 -1.7975894  -0.6208238  -0.65165854  1.3825482 ]


round:[-0.686706    1.4540496   0.5995163   0.36496818  0.86834556 -0.46928975
 -1.5180027   0.42103475  1.0035702   0.9954627 ]


support:[-0.308245    0.5315547   0.37076545  0.28722513  0.1502959  -0.57112336
 -0.3486315   0.08802129 -0.31945908  0.1720334 ]


kickbacks:[ 0.2592426   0.96753347  0.6162813   0.6386337   0.9622742  -0.37146273
 -0.79786766  1.16961     0.28972647  0.6746358 ]


bushfires:[-0.06198086  0.21096188 -0.8077073  -0.75570816  0.45992362 -0.6977491
 -1.204       0.49897295 -0.5817622  -0.3932374 ]


show:[ 0.0457878   2.1517494  -0.30905065 -0.21134958  0.6133878  -1.1757454
  0.49029016  2.3095841  -1.3343703   0.8828745 ]


only:[ 0.70226556  0.42037103  0.04413867 -1.6274009   0.91421175 -0.1955249
 -0.8582701   1.4949806  -0.5055705  -0.204447  ]


winery:[-0.2640404   0.82927495  0.66104007 -0.9614149   0.6449047  -0.21649131
  0.51756716  2.0746994   0.24572873 -0.57813954]


more:[ 0.5504116  -0.13976312  0.54019904 -0.22826912  0.3635225  -1.2927806
 -0.19694728  1.4935969  -0.31627014  0.4889128 ]


prove:[-0.9213832   0.39369854  1.9272546   0.9090408   0.45712203 -2.1671028
 -0.99301684 -0.19169661  1.9055017  -0.43828648]


close:[-0.88174653 -0.19003928  1.4607563  -0.1205496  -0.60463023  0.2580393
  0.3109126   0.785058   -0.04135994 -0.5334693 ]


totalled:[ 0.4096135   0.24052852 -0.14362386 -0.20564327 -0.46111172 -0.10526669
 -1.5249261  -0.12173188 -0.4263766  -0.24323963]


colleagues:[-0.3678172  -0.08237422  1.4432184  -0.34788263  0.32759663 -1.4497446
 -1.5945525   0.03434631 -0.33036745  0.7828122 ]


would:[ 0.29176873  0.35526213  0.5556421   0.26102182 -0.2913027  -0.32620782
 -0.15944901  0.1065696   0.08680704 -0.51651895]


relations:[ 1.5154021   1.478844   -0.37061045  0.07415633  0.58864367  0.21080482
 -0.35489076  1.1148281   1.3247255   0.22587073]


devonport:[ 0.17814288 -0.18959534  1.1376166  -0.10603848  0.26413193  0.3043781
 -1.4054041   1.2964753  -0.02091619 -0.44764715]


interests:[-0.43734527  0.21725237 -1.6750907  -1.4799953  -1.7122622  -1.924211
 -2.1162376   0.13132846  1.4307064  -1.4723603 ]


although:[-0.36626494  1.9022894   0.4508693   0.3904199   0.7124565  -1.0621426
 -0.45856535  0.3056513   0.3650357   0.46013993]


trade:[ 0.91111326  0.67557716 -0.09201425 -0.75645584  0.3762232  -0.42343283
  0.2344417  -0.7754266  -0.8594755   0.08610999]


back:[ 1.8226992   1.4582428   1.666013   -1.3093505  -0.5969307  -1.4194369
 -1.4035263   1.4574462  -0.46299225 -0.09124486]


privatised:[ 0.7948659   0.6841491   0.06396338 -0.6528655  -0.29133257 -0.37728584
  0.5456097  -0.58890414 -0.76018643  0.2172097 ]


border:[ 0.84364134  1.5712895  -0.428776   -0.7030688   0.13599563 -0.24510911
 -0.07654768  0.5559237  -0.04402939  0.87776685]


program:[-0.69473547  1.2680862  -0.37693092 -0.25147688 -0.07408341 -0.53758174
  0.41722637  0.3133819   0.59590065 -0.5273605 ]


into:[-0.98500407  0.65432835 -0.01664525 -1.0340937  -0.00905091 -0.72649664
  0.05411476 -0.2797854  -0.42901137 -0.7512383 ]


weren:[ 0.71624035  1.2463653  -0.74111736 -0.7002834  -1.1110392   0.17274368
  0.2159605   0.39141035 -0.49201927 -0.07375401]


drop:[-0.40460086  0.25873417  0.32720533  0.18393207  0.64679015 -0.22050172
 -0.39390528  1.1543622  -0.4490069   0.6730382 ]


coalition:[ 0.6211594   0.62425935  0.05681065 -1.1830378   0.49166173 -1.1374217
 -0.7334541   0.36702904 -0.9009669   0.6844552 ]


jordanian:[ 1.038523   -0.62644726  1.7001891  -0.85171133  0.13965337 -1.0091953
  1.3420599  -0.47446936  0.61387444 -0.41126496]


hole:[ 0.10721752 -0.5972037   1.5772411   0.5781904  -0.13480592 -0.5579111
 -1.5895205   1.7746015  -0.5178417   0.3728172 ]


region:[ 0.38546604  0.12590075  0.09616803 -0.49646994  0.38165554  0.73481005
 -0.22175547 -0.03010869 -0.28922123 -0.9663774 ]


staff:[ 0.41673157  2.3169622   0.00019071 -0.35988158  0.5401966  -0.37448743
 -1.1921895   1.998348   -0.6879225   0.6780583 ]


overseas:[-0.17854819  0.66084     0.9354731  -1.6885065  -2.805916   -0.88934004
  0.55071497  1.4998715  -0.11317646 -0.67695403]


them:[ 1.5280824  -0.20370793  1.0283686  -0.7628166  -0.53263366 -0.99147445
 -1.2479203   0.08965211  1.3494465   0.7533645 ]


longer:[ 0.64030534  1.5931017   0.40571737 -0.4401543  -0.52060866 -0.22409925
 -0.96419424  0.4676954   0.10751639  0.53045887]


andrew:[-2.7810757   0.44691944  0.9530568  -0.03533007  0.61896545 -1.213337
 -2.0728455   0.6099171   1.0570354   0.7286155 ]


dispute:[-1.5175648  -0.6051815   1.9633843  -0.42877534 -0.2920971  -0.36977962
 -0.28161648 -0.23955983 -0.8744241   0.6080076 ]


get:[-0.5837702   0.8275088   0.66544664  0.01821361  0.43735722 -0.6087851
 -0.15408397 -0.03043771 -0.561684   -0.49539852]


hadn:[ 0.3297749   1.0712069  -0.0824244   1.3161227  -0.6207173   1.35935
 -0.00559527 -0.4136697  -0.10325131 -0.9322707 ]


over:[ 0.02629488 -0.01993221  0.20172042 -0.6010094  -0.30449903 -0.2515848
 -0.09416431 -0.07630581  0.19833398 -0.00615977]


been:[-0.3194484   0.09589237  0.3101227   0.09099323  0.09731483 -0.4137642
 -0.1656636  -0.09863061 -0.3470965  -0.6022427 ]


people:[-0.36274248  0.5508995   0.4510014  -1.0335169  -0.27930245 -0.7958603
  0.25995165  1.1673229  -0.78900516 -0.35067388]


john:[-1.2841035   0.30021214 -0.5704429   0.04660049  0.9673091  -1.2718009
 -0.01804072 -0.10229814 -1.3964698   0.00492726]


much:[ 0.42378825  0.9572185  -0.04526234  0.39497024  0.4940294  -0.14575475
 -1.0636096  -0.37361068  0.2443156   0.08556134]


achieving:[-0.17233008  1.5500159   1.8527026  -1.0857053   0.07578266 -1.6887927
 -2.052599    0.38348505 -0.8163899  -1.0567828 ]


changed:[-0.5880591   0.91272527  1.838077   -1.1496115   0.64596677 -0.82406884
 -1.5218183   0.84483314  0.5917134   0.6743323 ]


it:[-0.21403435  0.40979898  0.05356002  0.23941115 -0.22694224 -0.76834434
 -0.43512505  0.18809089  0.23693404  0.29762954]


kept:[ 0.2301498   2.3512168   1.1105083  -0.16078238 -0.50419104 -0.5134867
 -0.11388704  1.6367748   0.06627981  1.4325091 ]


biggest:[-1.424411    1.7385217   0.35671985 -0.80240476 -0.2368302   0.03071469
 -2.3568742  -1.1092837  -0.10224644 -1.4840809 ]


south:[ 0.5359111   0.511849    0.7954104  -0.95780665  0.49911067  0.24095613
 -0.2519612   0.13877358  0.1729959  -0.1953889 ]


managing:[-1.7379189   1.0311065   1.8275378  -1.6429262  -0.63016236 -0.40760687
  0.82116103  1.7165285   1.0544062  -1.5634247 ]


were:[-0.6807045   0.16773891  0.50272524 -0.6330153  -0.24266359 -0.08627272
  0.4132117  -0.13255283  0.01325609  1.0115906 ]


grampians:[ 0.22242638  1.7809753   2.5764296  -0.25203425  0.31086224 -0.54579616
 -0.04258698  1.3327708   2.0162416  -0.50479585]


river:[-0.36273125  0.56258315 -0.20837715 -0.27430815 -1.2224058  -0.487956
 -0.00646728  1.4447165  -0.4285673   0.09212602]


fire:[-0.3530466   0.63253164  1.5978805  -0.11005671 -0.8704059  -2.195302
  0.35491234  0.22985268  2.2739108  -1.3745484 ]


if:[ 0.52017486  0.3274199   0.45182544 -0.93292826  0.12694094  0.39937758
 -0.05533063 -0.29781616 -0.1050056  -0.20467608]


pretty:[-0.7611535  -0.0725683   0.5989954   0.6482142   0.3810117   0.01988405
 -1.4660158   1.1485617  -0.5452942  -0.54554   ]


fodder:[-0.06497829 -0.18650764  3.114485    0.1188426   0.5193635  -1.0069633
 -0.7294698  -0.22265291  0.15245745 -1.6664146 ]


reasonable:[ 0.1751959   1.2878886   1.0842863  -1.7158506   0.00156283 -0.9301753
 -1.5020571   0.5239289   1.7192649  -0.15682067]


full:[-0.5470062   1.335098   -0.6842468  -0.38106376 -0.15094414 -0.6163969
 -0.45740128  0.20199703 -0.04455266  0.17836219]


paying:[ 0.40886447  0.41262832  0.325552   -0.61180294 -0.48208314 -0.79586834
 -0.7966027  -0.75318754 -0.10799493 -0.7761248 ]


letters:[-0.8484051   1.1076049   1.6119009   1.3337983  -0.18462303 -0.72802544
 -1.5423031   1.0152645  -1.5963376   0.7241197 ]


pool:[ 0.7103778   0.384492   -0.2681363  -0.76914525 -0.17449525 -1.1410117
 -3.2787936   2.210719   -1.0556229   0.56703335]


inquiry:[-0.03596459 -0.04700881  0.06829917 -0.23907378 -0.22442749 -0.29690546
 -0.3652022  -0.13723019 -0.3147501  -0.62054014]


grain:[ 1.003624    0.7328367   0.05301422 -0.19649051  0.32499114 -0.85359645
 -0.35582587 -0.01199132 -0.67850566  0.37756345]


predicts:[ 1.1094697   0.19812208 -0.798813    0.6761922   0.33137676 -0.8511752
 -0.6955785  -0.09447059  0.74131334  0.3591182 ]


already:[ 0.85413533  0.7301627   0.2453508  -0.7586952  -0.37500596 -0.7038012
 -0.03637072  0.8027852   0.33162934  2.5004547 ]


up:[-0.9263968   0.35627604 -0.39632246  0.06341076  0.07706176 -0.47692645
  0.43698263  0.38544548  0.2084949   0.29292294]


trading:[ 0.8856702   0.4401367   0.5218669  -0.4694012  -1.0317643  -0.7277082
 -1.7160999   0.72142863 -0.8890152  -0.78382754]


wine:[-0.95951885 -0.08325911 -0.13082784 -0.08336313  0.36499646 -0.3656531
 -0.42336527  0.81787413  0.5234109   0.17347315]


manager:[ 0.69159603 -0.12791222  0.4894396  -0.01548597  0.1418126  -0.12624064
 -0.16538176 -0.43673646 -0.0556023  -0.26096866]


tasmania:[-0.05239043  0.74761796  0.24726866 -0.11824576  0.20464107 -0.55290794
 -0.90943074  0.12804008  0.18904805  0.53943664]


time:[ 0.55339104  0.26648575  0.66420853 -0.04318436  0.08676943  0.24834573
 -0.40444383  0.5125781  -0.34064704  0.36467516]


pm:[ 1.140861    0.5594142  -0.9974171   0.3091842  -1.0225302  -0.9714558
 -0.85106415  0.0447993  -0.10665779 -0.4593136 ]


countries:[-0.8055836  -0.1991852  -0.25507703 -0.36906493 -0.55452204 -1.7130537
 -0.7526863   0.17933364  0.06795058  0.90258837]


local:[-0.6710581   1.9721885   1.1508846   0.6141423   0.09287145 -0.17885521
 -1.3916357   0.20576344  0.29253948  2.6485045 ]


wake:[ 0.5187233   1.8526201   1.2138548   0.97121346  0.05832233 -1.5989163
 -0.35225004  0.48049393  0.7770784   0.06927408]


hardy:[ 0.26616853  1.4413207   0.52659845  0.75143677  0.45007256  0.01284713
  1.4899158  -0.04227808  1.593227    0.16683552]


have:[ 0.25224873  0.34136274  0.17095926 -0.11084198 -0.15911055 -0.5396773
  0.18607527 -0.08202606 -0.07656676 -0.09145238]


disappointed:[-0.03301368  0.747712    1.6076763  -0.11631267 -0.582924   -0.28481582
  0.09396285  1.5117418  -0.5126914  -0.29262397]


fully:[-0.97246045  0.61331284  1.3304164  -1.6282611  -0.0751305   0.73090035
 -0.23646814  1.0782433  -0.54323727 -0.48611632]


tonnes:[ 0.5692961   1.1880105  -0.9715632  -1.7832927   0.36497912  0.3657815
 -1.7291509   0.6476447   1.1418175   0.8786216 ]


skimmed:[ 0.04535292 -0.16146421  1.0021644  -0.71600235 -0.6811272  -0.5291421
 -0.33349293  1.4695115   0.58608794  1.3809137 ]


loads:[-0.92695403  0.8686129   0.43473014  0.6128831  -1.0773128  -0.42543146
  0.7422234   1.0437142  -0.07507268  0.09853007]


conner:[-0.40472904  0.46759927  0.58929694 -0.45798486 -0.5277165  -1.5487361
  0.46661693  0.92738354  0.5408392   0.9464623 ]


wheat:[-0.028687    1.5643537   0.17080484  0.5973513   0.5636366  -0.07093167
 -0.05313563  0.14916486  0.2598242   0.39726493]


out:[ 0.3704248   0.8719023   1.1480901   0.90834177 -0.19237864 -0.17104107
 -1.0066804   0.6337457   0.10231556  0.6166332 ]


indicated:[ 0.92485285  0.5664116  -1.2380657   0.51243204  0.36806032  0.14994425
 -0.07203171  1.1710234   0.22284675 -0.39843354]


days:[ 1.5312458  -0.29243642  0.505602    0.145628    0.4027122  -0.01044935
 -0.31757212  0.4401997  -0.80865157 -0.13717748]


things:[ 0.6535451   1.6984174   0.5833789  -0.54151887  1.0366782  -0.40563995
 -0.85802233  1.0621477  -0.00929781 -0.514798  ]


not:[ 0.75447416 -0.02397484  0.88468766 -0.5209635  -0.10150563 -1.5159085
 -0.4498525   0.5203252   1.1786155  -0.35340175]


writing:[ 0.29170042  1.010934    0.12519553  0.4698478  -0.3444065   0.69659287
  0.6680838  -0.20464784  0.5001986   0.0420084 ]


point:[ 0.8415676   0.32891375 -1.9888505   0.2973659   0.46347597  0.38939285
 -0.9107205   0.7100625   0.55554473 -0.8414359 ]


will:[ 0.08224647  0.66062     0.1956943  -0.08365504  0.36387572  0.01902446
 -1.6091365  -0.14025778 -0.10319115 -0.46348014]


prices:[ 0.5655208   0.5046514   0.21618843  1.2570987  -0.12877074 -0.0680066
 -1.3449281   0.17687246  0.2517341   0.46586832]


in:[ 0.27197623  0.44205683  0.6560252  -0.1451481   0.09365024 -0.4401063
 -0.35153607 -0.25935358  0.08914202  0.32345465]


they:[-0.28356314  0.13939494  0.18174937  0.26156002 -0.40266168 -0.5135966
 -0.15180781  0.08525528 -0.0429047   0.25208607]


past:[-0.36361697  0.6210174  -0.00594014 -0.6276189   0.5753421  -1.4618595
 -0.8281601  -0.01785791 -0.26375902  0.1481203 ]


matter:[ 1.9164004   0.788555    0.8049616  -0.76468587  1.4688413  -1.2909636
 -0.48885253 -0.817438   -0.7864382  -0.9772669 ]


peter:[-0.16337901  0.86158043 -0.24108902  2.001429   -0.08143609  0.07918829
 -0.19006923  0.6849147   0.27357972  0.25029364]


agistment:[-1.5504843   1.5372685   1.3838332  -0.6218116  -1.1892766   0.13071096
 -1.5323466  -0.32868433 -0.72776926 -0.30165023]


across:[ 0.2294515   0.33959296  2.9905577  -0.49026075 -0.42847744 -0.5426549
 -1.3811723   0.53618217  1.3163038   0.08062101]


board:[ 0.2051431   0.40418866 -0.30092368 -0.26638716  0.7328142   0.20680827
 -0.1918863   0.6543555   0.3189499  -0.283141  ]


their:[ 0.26253366  0.62571084  0.19883928 -0.65910286  0.51939017 -1.8334749
 -0.67636645 -0.27217525  0.20872688 -0.02445849]


tasmanian:[-0.530992    1.6545038   1.6623142  -0.44828713 -0.24605525 -2.6258914
 -0.09232047  1.1531684   0.28054225 -0.5761212 ]


wipe:[-0.5111048  -0.3454519   0.49070054 -0.45863178  0.41162843 -0.10876393
  0.13834596 -1.2223415  -0.47066095  0.16528274]


launceston:[-0.36703655  1.0026294  -0.16416746  0.06345576  0.9128058   0.37661904
  0.26395214  0.88968134 -0.8367791  -0.17993216]


contact:[-0.25055453 -0.5011794   0.9405123  -1.2835793  -0.86633104 -0.05265215
 -1.1777606  -1.3579614  -0.581565   -0.36563033]


attempts:[ 0.30065045  1.0104367  -0.6044849  -1.0485947   0.14454082 -0.13359302
 -1.518879   -0.33332688  1.3784655   0.3111145 ]


first:[ 0.2430571  -0.595813    0.47185156 -0.7096491   0.52254677  0.19182181
 -2.4823713  -0.7158985  -0.15270925 -0.05018403]


he:[-0.5039589   0.64577746  0.12655814  0.4306202  -0.23331717 -0.29972768
 -0.49896777  0.1582846  -0.45441166 -0.15606484]


ridge:[-0.396039   -0.7106609   0.27376002  0.5363797   0.43498638  0.986654
  0.28383607  0.52367544 -0.43646762 -0.6097009 ]


system:[-0.3236941   1.0645562   0.49208254  0.25593588 -0.14991844 -0.12996376
 -1.8077803  -1.9083711   0.01639737  0.38650066]


beginning:[ 1.141997    0.5158657   2.6590698  -0.13846445  0.9193128  -1.2804093
 -0.7094667  -0.62174284  1.3069776   1.0988109 ]


tonne:[ 0.35666955  1.9782176  -0.07332447  1.0666317   0.01558428 -1.7284868
 -1.7018683  -0.5134141   0.973838   -0.9608694 ]


onto:[-0.00909947  1.3204317   1.9406029  -1.5082384   0.78823894 -3.430962
 -0.95884717 -0.68874884 -0.44675127  1.6290832 ]


director:[ 1.9281346  -0.5161709   1.4976196  -0.32522407 -0.4974724  -0.09324157
  0.2471413  -0.3637591  -0.382443    0.3318004 ]


actually:[ 0.46445885  0.46398073 -0.8378494   0.13736337  0.14666885 -1.8540127
 -1.3088467   0.01469105  0.17994055  0.86975807]


bargaining:[ 0.3313633  -0.00935566  0.8685068  -0.44333103  0.22339115 -1.0139091
 -0.13301313  0.27250522 -1.1534457  -1.5225086 ]


highway:[-0.12213467 -0.7112432   0.50643766 -0.46507952  0.6488759  -1.7177913
 -1.3532354   0.4959839   1.4908226   1.3969051 ]


an:[ 1.1644598   2.0356224  -0.68150234  0.26221555  1.1419178   0.46868885
 -1.1275694   1.1772895  -0.695398   -0.6424708 ]


belongings:[ 0.9606634  -0.43790013  0.5962322  -0.22249168 -1.3764861  -1.0941541
 -1.1326998   0.789932    0.37905574  0.5794632 ]


wool:[ 0.5148112   0.20947605  0.44873875 -0.47914612 -0.58915406  0.00355071
 -0.64911914 -1.0254128  -0.34569848 -0.98571414]


responsibility:[-0.8704818  -0.11127341 -1.0464987  -0.03327896 -1.1563956  -1.0312614
 -0.7074447  -0.8427657   0.35105798  0.09546904]


elevators:[ 0.9388137   0.83608913  0.20024708  1.3029472   0.84106636 -1.8101175
 -0.5772732   1.5835563   0.27728975  0.19080007]


desk:[-1.8820313   1.5840478   1.425182    0.37597018  0.68719774  0.09207731
 -0.30567417 -0.35555542  0.6605501   0.52390754]


roberts:[-0.62970805  1.3127683  -0.78785944  0.37122118  1.1461239  -0.5624113
  0.39502627  0.6264173  -1.4241408  -0.00895361]


powranna:[ 1.0680965   0.48752782  0.15076621 -1.010438   -1.0277395  -0.7777398
  0.10039705  1.8515393  -0.09934277  1.2939298 ]


three:[-0.8682055   1.2070119   0.09782626  0.13470858  0.5863748  -1.0952749
  0.12476265  1.7413235  -1.330489   -0.9881279 ]


producers:[ 0.44127083  0.349584   -0.0553298  -0.58393323  0.50032437 -0.33906126
  0.65490925  0.40916386 -0.08005225 -1.5684775 ]


valuable:[ 1.0794157   1.3408525   0.9524106   0.7102279  -0.7625632  -0.20547798
  1.0453836   0.8906922  -0.35600418 -0.2582389 ]


deputy:[-0.51825994  0.7045121  -0.10417679  1.8436543  -0.7662616  -0.45772338
 -1.2517455  -0.24790728  0.0854174  -0.29937583]


man:[-0.6707219   0.36014012 -0.2812043  -1.2558882  -0.07200571 -0.3176327
 -0.62734276  0.30686194  0.562781    1.3771363 ]


hundred:[-0.38426882  0.5749426   0.74333    -0.5981208   1.0677456  -1.3270352
 -0.6946385  -0.7334348   0.18118414  1.4440225 ]


stop:[-0.37109792 -0.39930087  0.36526236  0.4209342  -0.63452387  0.5411766
  0.2625059   1.3371787  -0.21661465  0.30296037]


work:[-1.0665579   0.11140406  0.41585514  0.35662323 -0.29672003  0.1157316
 -0.7539779   1.0915782  -1.3831506  -0.9470142 ]


grape:[ 0.6104267   0.42221248  0.6655522  -1.7804651  -0.10262568 -1.3134817
 -0.8407577   1.241497   -0.6911464  -2.3877351 ]


donated:[ 0.5724981   0.59496194 -0.09973982  0.00277188 -0.5711029  -0.21224788
 -0.5714763  -0.0602358  -0.10973221  0.22354065]


straight:[ 1.5384808   2.5457923   0.63822365  0.03104676  0.19226538 -0.14746815
 -0.30830708 -0.43216735  0.88598704  0.81659764]


payments:[-0.04377208  0.28481787  0.4291275  -0.458813   -0.06285439 -0.30034924
  0.3291986   0.1143159  -0.1524498  -0.2522133 ]


camps:[ 0.34701476  0.48108217  0.4043994   1.8083694  -0.07562638 -1.1081898
  0.8805089   0.1301127  -0.09314714  0.08829372]


released:[ 0.12242819 -0.27611774  0.18078278 -0.5514879   0.39940274 -0.8686003
  0.13081968  0.11186405  0.51125073  0.07094833]


also:[-0.9044958   1.3848      0.03926602  1.3670022  -0.69725907 -0.02416974
 -0.1830791   0.5435678  -0.51425695 -0.5110746 ]


though:[ 0.35281098  1.2996016   0.42071798  1.5184206  -0.41828007 -1.0466328
 -0.75616693 -0.34519613 -0.70482326 -0.26373306]


irc:[ 0.8287869   0.18936586  1.1482536   0.60029715 -0.30119494 -0.33293697
 -1.124954   -0.01429769 -1.794025   -0.5149943 ]


forty:[ 1.0238215   2.145156    0.81596124 -0.5431651   0.24719661  0.3841868
 -0.16439223  1.0793748  -1.1944801   0.6073513 ]


iraqi:[-0.47725293  1.0671028  -0.32502583  0.260134    0.916017   -0.76766336
 -0.20973334 -0.33213228  0.7222563  -0.07201978]


which:[-0.5515072   0.4706763   1.0356611  -0.12891111 -0.03367702 -0.41376287
 -0.46836963 -0.55931115 -0.3018087  -0.3070283 ]


ravaged:[-0.6534443   0.63844305  1.8595229   0.3174039   0.62347466 -0.39041236
  0.82242477  1.162009    0.26192397 -0.78523785]


vaile:[-0.37233877  0.3782353  -0.45722094 -0.8755709  -0.65431666 -0.5605082
 -0.8795799   0.6638235  -1.8186597  -2.3392074 ]


took:[ 0.5950306   1.1577679  -1.175602    1.1927147   0.30201668 -0.33915645
 -0.17240301  1.0577099   0.36333126  0.10717516]


pigeon:[ 0.37315333 -0.5926371   0.29644218  0.1594269   1.5164856  -0.1539262
  0.2500223   1.0436375   0.5688858  -0.404514  ]


asking:[-0.9064189   0.34939918  0.9664885  -0.61369723  0.6411278  -0.3830187
 -0.7812152   0.82496166  0.2094785   1.0878161 ]


fair:[ 1.0591145  -0.23518723 -0.28698072  0.16911301  0.17548859  0.5439983
 -1.078257   -0.30415696 -0.5962956  -1.0597556 ]


boats:[-1.8597158   1.4039404  -0.6157112  -0.08866739  0.8349749  -0.06844491
 -0.7119888   1.2224876  -1.0316895  -0.65042675]


wines:[ 0.49890262  0.5124038  -0.3180206  -0.38564715  0.25135192 -1.3588936
 -0.86193496  0.7760511   1.9617604   0.52059597]


industrial:[ 0.04096723  1.0416704   0.8970169  -0.6933517  -0.4266436  -0.42773792
 -0.8404558  -1.1516857  -0.5522993  -0.14266476]


its:[ 0.3211284   1.1102073  -0.42019644 -0.83096796  0.3542741  -0.99423665
 -0.58655775 -0.04149586 -1.3318287  -1.1831223 ]


australia:[-0.5931879   0.32393932 -0.05673254 -0.06579574  0.12817243 -0.25431004
 -0.19315389 -0.49288207  0.55495214 -0.3178963 ]


today:[ 0.520318    0.53976464 -0.6522237  -0.10204728  0.04037774  0.04317743
 -0.22912383 -0.30366725  0.03497006  0.04822385]


feet:[-0.15029415 -1.0060449   0.62219834 -2.4353528   0.07885352  0.8623417
  0.47333413  0.10546486 -1.7829782   0.8694275 ]


email:[-0.5801497   1.5838753  -0.24928352  1.8658777   0.48841083 -0.45068124
 -0.7962383   0.6962768  -0.6136327  -0.1407598 ]


is:[ 0.2247046   1.3498995  -0.49912736 -0.4755127   0.09391254 -0.69741315
  0.19140768  1.1650908  -1.1432016   0.3296917 ]


knew:[ 0.73519     0.93589795 -0.5163102  -0.00484228  0.3891237  -0.6978353
 -0.37400526  0.6822866   0.80612814 -0.5109777 ]


wales:[ 0.9018583   0.5003214   2.087799   -0.84102625  0.7516588  -0.9722652
 -1.6093382  -0.98128104  1.0085548   0.3482419 ]


as:[-0.04081342  0.00937802 -0.10322833 -0.3715096   0.04702683 -0.23228906
  0.29003584  0.07616173 -0.5111021  -0.29382917]


informed:[ 0.1578325   0.3434492   0.8111255  -0.51610434  0.00949207  0.02076614
  0.92003787  1.8029315   0.13670516 -0.08765665]


deal:[-1.1470407   0.9703818   0.957973    0.8843938   0.54939795  0.5012476
 -1.4460862   0.981788   -0.9978157   1.0524889 ]


gone:[ 0.7227758   0.3882331  -0.22119269 -0.9938485   0.3230358  -0.63071066
 -1.3895535   0.04902813 -0.80585647  0.94675535]


market:[ 0.42572433 -0.23921055  0.8823502  -0.93064886  0.6046384  -1.6599748
 -1.6182965  -1.268673   -1.3605309   0.8948387 ]


say:[-0.1585882   1.303211    0.13046505  0.8520511   0.20330235 -0.7122619
  1.3277979   0.22302234  1.5104742  -1.088662  ]


too:[-1.0548632   0.60765916  0.40134826  0.33407533 -0.15104997 -1.0168834
  0.06155032 -0.05508113  0.3040722   0.20201506]


approached:[-0.5038441   0.83377594  0.617549   -1.1856593   1.0999131  -0.63522357
  0.03943008 -0.709086   -0.18609968  0.2010642 ]


for:[ 0.4106874   0.7535981  -0.10200146 -0.41601032  0.16929343 -0.33498
 -0.5589841  -0.08834803 -0.21288285 -0.41508457]


we:[ 0.53081995  1.8860047  -0.6924354  -0.49127048  0.29096285  0.3373103
 -0.03797773  0.07621229 -0.77526677  0.25929084]


that:[ 0.08934248  0.41681474  0.0803785   0.06833428 -0.20008498 -0.36998725
 -0.09186247 -0.11234507  0.26487693  0.03945517]


exporter:[ 0.05016065  0.04277235 -0.04077208 -1.0219823  -0.7340154   0.0863682
 -1.2382774   0.8975598  -0.41470006  0.12285694]


says:[-0.18828455  0.22137219  0.26278925  0.238633    0.4003615  -0.68329334
 -0.76612216  0.33720577 -0.8141836  -0.64968455]


mr:[ 1.0571901   1.0317594   0.9405725   0.09768401  0.65520954 -0.70527875
 -0.70287013  1.0338068  -1.3181678   0.6427281 ]


little:[ 0.6546656   2.161625   -0.20266876 -0.03513331 -1.1710391  -0.82040006
 -0.4665924  -0.34935653 -0.16787334 -0.03677886]


reading:[-1.6035818  -0.47959882  1.5113263   1.0491557  -1.0498873  -0.94662654
 -0.9050739   0.65145093 -0.36262605 -1.1204836 ]


metres:[ 0.613617    1.5337055   0.5643221   0.9265419  -0.25491586 -0.8551656
 -0.3838453   0.764013    0.34559447  0.19212268]


do:[-0.0651674  -0.04088777  0.51254225 -0.11604588  0.30295214 -0.5649638
 -1.0707271   0.5906975   0.40423504  0.1307392 ]


about:[-0.06416164  0.4022332   0.38652462  0.03279008  0.0437385  -1.1070881
 -0.7191917   0.07155725  0.07313243 -0.49554875]


despite:[ 1.5886915   1.7477162   1.3529809  -1.2254596   0.22061709 -0.80289644
 -0.01402205  0.19045988  0.10116112 -0.83839864]


future:[-0.8447292  -0.37413317 -0.42215773  0.206776    1.1163383  -0.23152079
 -1.1562614   0.17586431 -0.67271066  0.17102775]


stanley:[-0.32834637  0.04160607  0.4685514  -0.17055842  1.6275111  -0.38396704
 -1.3205788  -0.4617169   0.08767127 -0.45065513]


give:[ 0.8675452   1.1418233   0.80839294  1.1303669  -0.2576728  -1.3184671
 -0.6211845  -0.7290391   0.9026772  -1.0346912 ]


between:[ 2.2176726   0.04998904  1.33628     0.31638315 -0.6495325  -1.6792367
 -0.06934017  0.3995463   2.2433975  -0.3432306 ]


truckloads:[ 0.41475284  0.1873557   1.733537    1.1582512   0.04575958 -0.39052358
 -0.1994341  -0.32689744  0.12169495 -0.15183817]


returns:[-1.4378752   1.5736663  -0.5513499   0.5762659  -0.6147126  -0.6597268
 -1.1872711   0.8796791  -0.4463313   0.83708626]


overwhelmed:[ 1.3415141   1.1744677   0.0888949   0.13528442 -1.0788912  -0.01623282
 -0.5738949  -1.3144019  -0.04509132 -0.8384708 ]


ve:[-0.6786644   0.03722107  0.72449327  0.11151233  0.3638211  -0.79179287
 -0.684977    0.36589587  0.40414748  0.37253413]


lay:[-0.6968203   1.2545989  -0.35589078 -1.2619613  -0.23933089  0.38193548
  1.0381151  -0.66863143 -0.55806124 -1.4895104 ]


fairly:[ 0.46594775  1.2393115   0.96563554  0.82410514  0.07319489 -0.2488563
 -0.5520839  -0.42401898 -0.74596417  1.0293032 ]


might:[ 0.3473199   0.46858814  0.6068036  -0.74814945  0.05625356 -0.2659777
  0.14506644  0.49486962  0.46508625  0.48415726]


awb:[-0.31979087  0.5184985   0.20338881  0.19014385  0.16558558 -0.2412812
 -0.09817868  0.16620329 -0.13721353 -0.09063762]


preserve:[ 1.0098087  -0.01861173  1.2205888   0.28687117  0.6813502   0.84859496
 -1.3251334   1.7319057   0.06984378 -0.61081725]


howard:[-0.26628053  0.44965023  1.3859484  -1.0453331  -0.80248857 -0.9443529
 -1.5495515   0.13526052  0.8475988   0.1605348 ]


ministers:[ 0.6872166   0.43334058  0.98237693 -0.60326374 -0.6302639  -1.1120595
  0.21017927 -1.281185   -0.12592912 -0.58760166]


try:[-0.62647873  1.3681836  -1.3802507   0.5438021   0.34372494  0.46239543
 -1.4416885  -1.1142637  -0.06609195 -0.7181385 ]


coordinator:[ 0.33271256  0.6677507  -1.3962395   0.05752139  0.02372466  0.47477305
 -0.83890337 -0.09850749 -0.6982701  -1.6529624 ]


blocked:[ 1.7480433  -0.22234493  0.4030252  -0.87606686  0.00342198 -0.6039945
 -0.02714232 -0.585305   -0.980634   -1.6367329 ]


by:[ 0.6713393   0.50911283  0.08930455 -0.14977966 -0.53874755 -0.90144646
 -0.8442088   0.00563312  0.4144707  -0.17715691]


macleod:[-0.5684325   2.2927709   0.2709952   1.2892514  -0.89306355 -0.46186537
 -0.6384978   0.16925485  0.01032895 -0.13160972]


could:[ 0.8713333   0.22162396  0.28596997 -0.35746884 -0.5527091  -0.9335706
 -1.4450593   2.1199174  -0.36755505  1.336336  ]


whether:[ 0.7877628  -0.08790338  0.92801523 -0.9988677  -0.05501334 -1.0687528
 -0.40488538  0.42905164 -0.306522    1.0812865 ]


year:[ 0.23306939  1.5037549   0.81856894 -0.02020925 -1.0864993  -1.0617213
 -0.19240594  1.2815199  -0.31919125 -0.30097076]


main:[ 0.6951232   2.0182836   0.5424837   1.1619812   0.20873353  0.20070362
  0.14581639  1.3580276  -1.0306944  -0.02778441]


service:[-0.15625328  0.25522345 -1.2658693   0.17058468 -0.19392213 -0.38482144
  0.6810188   0.78939706 -0.47166944  0.677788  ]


said:[ 0.16149443  0.683854    0.3047405   0.6778012  -0.5093425  -0.37214
 -0.37761554  0.11017859  0.04970221 -0.03913147]


includes:[ 1.2545271   0.21730775  0.03756362  0.1456995   0.09538662 -0.77588665
 -1.2229562   2.1712646  -0.9031966  -0.3885958 ]


be:[-0.05964253  1.4989318   0.34742948  1.7791048  -0.46319073 -0.06752577
  0.06410426  0.59856486  0.00780994 -0.08622406]


million:[-0.5818621   1.5411861  -0.52242696  0.491772    0.3559353  -0.81264615
 -0.14611787  0.43565047 -0.5812471  -0.8426166 ]


malcolm:[-0.02923939  1.1634283   1.0854722  -1.2939733  -0.09061638 -0.7978045
 -0.05949295  1.63308    -0.16470477  0.41101205]


analyst:[ 0.46736386  0.8788629   0.4464435   0.11467376 -0.20241272 -2.4910772
 -0.8219833  -0.5242508   0.5763655  -0.5772467 ]


mark:[-0.66262823  1.2277131   0.79179657  0.25248882  0.17803246 -1.2614632
  0.1452542  -0.03379035 -0.9867326   0.4176977 ]


at:[-0.8509784   0.8526457   0.0612855   0.2749501  -0.00748686 -0.5226406
 -0.7102533   0.63233626 -0.8765427   0.00781937]


through:[-1.7407876   0.8011588   0.4520299  -0.29608327 -0.24240652 -0.0844745
 -0.91095257  0.47183526 -0.49478227 -0.7985457 ]


major:[ 0.98170984  0.9882132   1.2363359  -0.58418435  0.55909795 -1.8418987
 -0.44816813 -0.11073405  0.69177675  0.6874996 ]


off:[ 0.35235545  2.0558958   0.97855294 -1.8536757  -0.37922588 -0.169025
 -1.3095286   0.41946837 -1.3256665   0.0522184 ]


morning:[ 0.7385634   0.06907392  0.8429711  -0.09582642  0.45919743  0.05067903
 -0.78596365 -0.23499626  0.06116398  0.44910362]


denied:[ 0.47680366 -0.54681367  1.6915753  -1.440732   -1.0933278  -2.6458156
 -1.2905538  -1.043932    0.00790472  0.22510757]


thing:[-0.1332472  -0.96473163  0.4442408  -1.2590436  -0.59012645 -2.0015128
 -0.7832381  -0.2857197   0.52213657 -0.26610464]


vehicles:[-0.75622207 -0.34673852 -0.329053    1.294155    0.31362507 -1.2593619
  0.44170403 -0.5553054  -0.07874421 -0.15441592]


community:[-0.49198395  0.7774216   0.0409582  -0.65783846 -0.16659763 -0.31619245
 -0.07211721  0.938747    0.22050405 -0.17380512]


relocation:[ 0.77559     1.024277   -0.08307153  0.02788618 -0.13555503 -0.50819194
 -1.0319115  -0.5400826  -0.6488912   1.3263922 ]


possibly:[ 1.2782195   0.7164604  -0.7115575  -0.01269378 -0.3834874  -1.3857305
 -1.2678682   0.8996024  -0.65857744 -0.7282305 ]


limited:[ 0.31981266  1.7756588   0.39824337 -0.20581138  0.5742461   1.3899946
 -0.6644747   1.397398    0.09110613  0.14786525]


help:[-1.6344054   0.17189091  0.8898879   0.83085614 -2.5175219  -1.7247753
 -0.35887367  0.17888212  0.6367662   0.06807345]


asian:[ 0.7502983   0.90947026 -0.31355092 -0.5009611   0.42068434 -1.6312225
 -1.0574074  -1.3223039   1.7266314   1.8920845 ]


export:[-1.2096059  -1.4939945  -0.15723792 -0.51322865  0.00542023 -0.07491955
 -0.31115365 -0.00080645  0.19116658 -0.08829246]


friday:[ 1.9391224   0.5954646   0.46360213 -0.5504863   0.046829    0.5321458
 -1.3974354  -0.61545634  0.02218911  0.25079912]


just:[-0.5685321   0.5917079   0.46606657 -0.6456254  -0.04803707 -0.46512875
  0.03863466  0.01937148 -0.4873873  -0.40374294]


after:[-2.1821442   1.1656046  -0.61539555  0.8134452   1.1100948  -0.36826405
 -0.78542316 -0.34344876 -0.04560254 -0.03540362]


years:[ 0.01356204  0.89450794  0.17152369 -0.30536786 -0.24875197 -1.3864734
 -0.43540657 -0.16114634  0.05405226  0.01327642]


but:[ 0.6366688   0.3130145   0.03451541 -0.35372156 -0.50951576 -0.56310004
 -0.56043434 -0.02750331 -0.41187468  0.36558336]


flooded:[-1.3628862   0.69217026  2.5710592   0.43179303 -0.7289669  -0.7187128
  0.7467046   0.36504805  0.01194751  0.5524965 ]


ham:[ 1.2545861   1.0032864   0.29557335 -0.21645196 -0.16687787 -0.25379303
 -0.6271009   1.0349374  -0.9431592   0.67472845]


two:[-1.6115922  1.6487815  0.5297888  0.9384353  0.1616577 -0.8341507
 -0.7976326  0.4628411 -0.2971803 -1.135868 ]


aside:[-1.6144391   0.8897631   0.18925707 -0.2677951  -1.1906314  -1.5491967
 -0.15874088  0.04387714 -0.91712296 -0.3234884 ]


way:[-0.65188634 -0.14004952  0.3320176  -0.754729   -0.44532108 -1.9060404
 -0.19708225  1.433628   -0.42709637 -0.56721574]


start:[ 0.7404811   0.45212644 -0.54712236  1.4736032  -0.8784447  -0.23550782
 -1.1704972   1.2997966   0.02023266 -0.5707985 ]


stories:[ 0.92860955  0.8298795   0.32923606  0.23286441  0.15795784 -0.07755351
  2.1140301  -0.01634514  1.0539258   0.11190353]


new:[-0.1007416   0.47873968  0.25767624 -0.0385737   0.633061    0.07228696
 -0.9077964   0.36973038 -0.01383342  0.80582446]


and:[-0.37091562  0.10753429  0.18939191  0.10198148 -0.12762502 -0.35640025
 -0.27364695 -0.13222465  0.19885272 -0.03490164]


received:[ 2.2321644  -0.04547173  0.69203615 -0.6963894  -0.01784647 -0.26138598
 -1.7140362   0.6412373  -0.00459366 -1.0068111 ]


owned:[ 0.6205572   0.11624074  0.25510758 -0.14667617 -1.0777373  -0.9204926
  0.24885869  1.0661908  -0.50005555 -0.92007196]


when:[ 0.11822156 -1.4773066  -0.07657453 -1.234476   -0.28340894 -0.8837849
 -1.122557   -0.96664166  1.072233   -0.34330323]


eroded:[ 0.11897445  0.56291205 -0.32280853 -0.6806576   0.9511943   0.51824737
 -0.40722597 -0.39998895  0.30491847  0.5169695 ]


second:[-0.610639    1.6232915   0.8303379  -0.83694685  0.57358974 -0.45583698
 -0.58821553  0.43088025  0.09365042  0.07961868]


farmers:[-0.67721844  0.17517978  0.289167   -0.66793656 -0.11908763 -0.11401841
 -0.6037035   0.33505023  0.2914745   0.7519969 ]


moved:[ 0.5741957   1.3101666  -0.14103374 -0.19737367  0.02931137  0.27176964
 -1.222157   -0.18714052  0.66123044  0.06449008]


from:[-0.32760006  0.7274811  -0.33533928  0.04037249  0.48077396 -0.5996982
 -0.8262961   0.51113963 -0.4115686  -0.61534363]


best:[-0.40464887  0.3845705  -0.08493862  0.25779113  0.08379199 -0.7909807
 -1.0856495  -0.23992652 -0.59370756  1.2467166 ]


remains:[-0.05986781 -0.3113423   0.343257   -0.25269198 -1.3663461  -0.2978673
 -0.57878137  0.18273939  0.5862384   0.46865427]


middle:[-0.44983193  1.4262462   1.3191814   0.31891596 -0.56919324  0.49735224
 -0.63862044  0.9573862   0.08206701  1.2021549 ]


else:[-0.8394615   0.27349502 -0.02767164  0.25332424 -0.04346719  0.1204834
 -0.1997048   0.15832102  0.7682735  -1.0779415 ]


going:[ 1.1221784   0.6159526   0.51740396 -0.08334599 -0.23826998  0.09631109
 -1.1464806   0.5538448  -0.20692104 -0.5731232 ]


cattle:[ 0.75561666 -0.15859783 -0.06760198 -0.6955936  -1.5610343  -0.56731915
 -0.13034052  1.5206959   0.58230746  1.2713116 ]


gavan:[-0.37523106  1.1906142  -1.5627921  -0.9781134   0.04355421  0.38327044
 -0.3413731   0.21826391 -0.4663424  -0.16796626]


very:[-1.2365788   0.6779715  -0.01699039  0.26071015 -0.23360655 -0.20144197
  0.5005034   0.28547427 -0.4786205  -0.33189794]


knowledge:[ 0.8753948   0.14446771  0.9571229  -1.7203494   0.65994495 -2.025374
 -1.1078889  -0.53078765  1.2362493   0.01904673]


to:[ 0.07143809  0.3418006   0.16670178  0.24850538  0.3313874  -0.46995363
  0.01811832 -0.08428019  0.01205567  0.03933479]


broadly:[ 0.5472522   0.73546076  1.016589   -0.40227786  0.08799858 -0.12167582
  0.10365361 -0.5868264   0.21616137 -0.5030261 ]


has:[ 0.7606581   0.34783128  0.19879404  0.17544198 -0.28665608 -0.38705316
 -0.14731047  0.02272612 -0.38954255 -0.1011613 ]


price:[-0.24273476  0.08370727  1.0190183   0.6458413  -0.80375457 -0.7635723
 -1.9669293  -0.4923905  -0.31818473  0.966714  ]


enterprise:[ 0.12213676  1.2192336   1.1142927  -1.4112408   0.13446385  0.98784345
 -0.78005505  1.0128765  -0.8243754   0.71966946]


drive:[-0.12487634  1.8157094  -1.1729488   0.54434913  0.17024606 -0.6426177
 -1.1201051   1.1974813  -0.92388344 -0.79800564]


agribusiness:[ 0.01444881  0.6246489  -0.8216243   0.15735275 -0.1432373  -0.58911437
 -1.5084031  -1.1128684  -0.30587712 -1.1356276 ]


victoria:[ 0.32069904 -0.8294236   0.21897474 -0.12939802  0.12743674 -1.0446091
 -0.37319085  0.79277617  0.3929442  -0.69947785]


stopwork:[-0.24056274  0.9440474   0.58736706 -0.21961337  1.4532832  -1.698282
  0.44272304  0.903697    0.1843583   0.9853356 ]


was:[ 0.52166927  0.611344    0.14756706 -0.7063787   0.57610387 -0.17237255
 -0.62467617  0.67373824 -0.33945143 -0.16893658]


stockman:[ 0.33152616  1.7570202  -0.11216381  0.22431865 -0.28659782  0.6573635
 -1.3475311   1.0156324  -0.269684    1.827688  ]


there:[ 0.11161713  1.0220165   0.13705987  0.23894742  0.82277113 -1.34974
  0.332469    0.49897105  0.79818344 -0.08882923]


geary:[ 0.7178649   1.4152416   0.16182281  0.69759166 -0.09866189 -1.239944
 -0.6607492  -0.6093282  -0.13532443 -0.6887943 ]